# Created by Octave 4.2.2, Wed May 13 17:39:45 2020 CEST <root@marcel-Z97X-Gaming-3>
# name: data
# type: matrix
# rows: 1
# columns: 59
 0 1 0 0 0 0 0 0 0 0 1 0 0 1 0 0 0 1 0 0 1 1 0 0 1 1 1 0 0 1 1 1 0 1 0 0 1 1 0 0 1 0 1 1 0 1 0 1 0 0 0 0 0 0 0 1 0 0 0


